59
179
0 1 658
0 3 348
0 2 183
1 0 658
1 4 437
1 5 1496
2 0 183
2 8 896
2 9 402
2 12 759
3 0 348
3 9 103
4 1 437
4 7 938
4 8 702
5 1 1496
5 6 263
6 5 263
6 7 1400
7 6 1400
7 4 938
7 10 927
8 2 896
8 4 702
8 26 265
8 27 366
9 2 402
9 3 103
9 14 194
10 7 927
10 50 615
10 56 330
11 29 614
11 30 257
11 51 376
11 55 365
12 2 759
12 13 885
12 16 373
13 12 885
13 20 90
13 27 679
13 45 447
14 9 194
14 15 244
15 14 244
15 16 916
16 12 373
16 15 916
17 20 373
17 18 293
17 21 227
17 28 625
18 17 293
18 19 387
18 29 593
19 18 387
19 21 313
19 22 754
19 38 829
19 47 415
19 48 266
20 13 90
20 17 373
20 21 403
21 17 227
21 20 403
21 19 313
21 47 358
22 19 754
22 29 184
22 30 676
22 23 774
23 22 774
23 37 37
23 38 422
24 33 209
24 53 129
24 54 300
25 30 717
25 31 483
25 37 790
26 8 265
26 28 456
26 56 576
27 8 366
27 13 679
27 28 374
28 17 625
28 26 456
28 27 374
29 11 614
29 18 593
29 22 184
30 11 257
30 22 676
30 25 717
31 25 483
31 33 164
31 52 284
31 54 165
32 52 227
32 58 109
33 24 209
33 31 164
33 53 161
34 35 153
34 40 455
35 34 153
35 36 754
35 54 121
36 37 458
36 35 754
36 39 398
37 23 37
37 25 790
37 36 458
38 19 829
38 23 422
38 42 1069
38 57 664
39 36 398
39 43 82
40 34 455
40 41 484
40 43 588
41 40 484
41 42 769
41 43 274
42 38 1069
42 41 769
43 39 82
43 40 588
43 41 274
44 45 444
44 46 472
44 47 642
45 13 447
45 44 444
45 47 467
46 44 472
46 47 441
46 57 400
47 19 415
47 21 358
47 44 642
47 45 467
47 46 441
47 48 337
48 19 266
48 47 337
48 57 384
49 56 374
49 50 702
50 10 615
50 49 702
50 51 192
51 11 376
51 50 192
51 55 152
52 31 284
52 32 227
53 33 161
53 24 129
53 52 96
53 58 217
54 24 300
54 31 165
54 35 121
55 11 365
55 51 152
56 10 330
56 26 576
56 49 374
57 38 664
57 46 400
57 48 384
58 32 109
58 53 217